31
2	16
4	21
5	7
6	1
9	8
9	30
10	14
11	17
17	11
12	18
13	27
19	26
20	24
24	22
23	0
25	7
28	3
29	15
0	0
0	1
0	2
0	3
0	4
0	5
0	6
0	7
0	8
0	9
0	10
0	11
0	12
0	13
0	14
0	15
0	16
0	17
0	18
0	19
0	20
0	21
0	22
0	23
0	24
0	25
0	26
0	27
0	28
0	29
0	30
1	0
1	1
1	2
1	3
1	4
1	5
1	6
1	7
1	8
1	9
1	10
1	11
1	12
1	13
1	14
1	15
1	16
1	17
1	18
1	19
1	20
1	21
1	22
1	23
1	24
1	25
1	26
1	27
1	28
1	29
1	30
3	0
3	1
3	2
3	3
3	4
3	5
3	6
3	7
3	8
3	9
3	10
3	11
3	12
3	13
3	14
3	15
3	16
3	17
3	18
3	19
3	20
3	21
3	22
3	23
3	24
3	25
3	26
3	27
3	28
3	29
3	30
7	0
7	1
7	2
7	3
7	4
7	5
7	6
7	7
7	8
7	9
7	10
7	11
7	12
7	13
7	14
7	15
7	16
7	17
7	18
7	19
7	20
7	21
7	22
7	23
7	24
7	25
7	26
7	27
7	28
7	29
7	30
8	0
8	1
8	2
8	3
8	4
8	5
8	6
8	7
8	8
8	9
8	10
8	11
8	12
8	13
8	14
8	15
8	16
8	17
8	18
8	19
8	20
8	21
8	22
8	23
8	24
8	25
8	26
8	27
8	28
8	29
8	30
14	0
14	1
14	2
14	3
14	4
14	5
14	6
14	7
14	8
14	9
14	10
14	11
14	12
14	13
14	14
14	15
14	16
14	17
14	18
14	19
14	20
14	21
14	22
14	23
14	24
14	25
14	26
14	27
14	28
14	29
14	30
15	0
15	1
15	2
15	3
15	4
15	5
15	6
15	7
15	8
15	9
15	10
15	11
15	12
15	13
15	14
15	15
15	16
15	17
15	18
15	19
15	20
15	21
15	22
15	23
15	24
15	25
15	26
15	27
15	28
15	29
15	30
16	0
16	1
16	2
16	3
16	4
16	5
16	6
16	7
16	8
16	9
16	10
16	11
16	12
16	13
16	14
16	15
16	16
16	17
16	18
16	19
16	20
16	21
16	22
16	23
16	24
16	25
16	26
16	27
16	28
16	29
16	30
18	0
18	1
18	2
18	3
18	4
18	5
18	6
18	7
18	8
18	9
18	10
18	11
18	12
18	13
18	14
18	15
18	16
18	17
18	18
18	19
18	20
18	21
18	22
18	23
18	24
18	25
18	26
18	27
18	28
18	29
18	30
21	0
21	1
21	2
21	3
21	4
21	5
21	6
21	7
21	8
21	9
21	10
21	11
21	12
21	13
21	14
21	15
21	16
21	17
21	18
21	19
21	20
21	21
21	22
21	23
21	24
21	25
21	26
21	27
21	28
21	29
21	30
22	0
22	1
22	2
22	3
22	4
22	5
22	6
22	7
22	8
22	9
22	10
22	11
22	12
22	13
22	14
22	15
22	16
22	17
22	18
22	19
22	20
22	21
22	22
22	23
22	24
22	25
22	26
22	27
22	28
22	29
22	30
26	0
26	1
26	2
26	3
26	4
26	5
26	6
26	7
26	8
26	9
26	10
26	11
26	12
26	13
26	14
26	15
26	16
26	17
26	18
26	19
26	20
26	21
26	22
26	23
26	24
26	25
26	26
26	27
26	28
26	29
26	30
27	0
27	1
27	2
27	3
27	4
27	5
27	6
27	7
27	8
27	9
27	10
27	11
27	12
27	13
27	14
27	15
27	16
27	17
27	18
27	19
27	20
27	21
27	22
27	23
27	24
27	25
27	26
27	27
27	28
27	29
27	30
30	0
30	1
30	2
30	3
30	4
30	5
30	6
30	7
30	8
30	9
30	10
30	11
30	12
30	13
30	14
30	15
30	16
30	17
30	18
30	19
30	20
30	21
30	22
30	23
30	24
30	25
30	26
30	27
30	28
30	29
30	30
