4148 nodes:

1 thread: 0.674644, 0.674502, 0.695982, 0.674520 [Average: 0.679912]
2 threads: 0.357445, 0.350634, 0.349020, 0.352406 [Average: 0.35237625]
4 threads: 0.185562, 0.220615, 0.199870, 0.184170 [Average: 0.19755425]

1 thread, 4 hosts: 0.680384, 0.674547, 0.680278, 0.680104 [Average: 0.67882825]
2 threads 4 hosts: 0.465497, 0.466768, 0.476205, 0.475112 [Average: 0.4708955]
4 threads 4 hosts: 0.372862, 0.407673, 0.392942, 0.403001 [Average: 0.3941195]

Error: 1.406895e-07
-----------------------------------------------------------

14,000 nodes:

4 threads: 2.231342, 2.272759, 2.275048, 2.310273 [Average: 2.2723555]
8 threads: 2.338517, 2.440449, 2.726390, 3.215845 [Average: 2.68030025]
16 threads: 3.255859, 3.452973, 3.737998, 3.717149 [Average: 3.54099475]

4 threads 4 hosts: 2.740813, 2.736585, 2.711051, 2.717615 [Average: 2.726516]
8 threads 4 hosts: 1.689146, 1.659414, 1.641646, 1.713755 [Average: 1.67599025]
16 threads 4 hosts: 1.234318, 1.210241, 1.236454, 1.426003 [Average: 1.276754]

Error: 9.159391e-08

